0.000000	706.653733
0.010000	706.653775
0.020000	706.653978
0.030000	706.654086
0.040000	706.654267
0.050000	706.654419
0.060000	706.654636
0.070000	706.654803
0.080000	706.655030
0.090000	706.655310
0.100000	706.655592
0.110000	706.655921
0.120000	706.656354
0.130000	706.656780
0.140000	706.657238
0.150000	706.657701
0.160000	706.658338
0.170000	706.658983
0.180000	706.659719
0.190000	706.660437
0.200000	706.661316
0.210000	706.662265
0.220000	706.663222
0.230000	706.664335
0.240000	706.665500
0.250000	706.666788
0.260000	706.668117
0.270000	706.669520
0.280000	706.671131
0.290000	706.672709
0.300000	706.674516
0.310000	706.676277
0.320000	706.678234
0.330000	706.680261
0.340000	706.682411
0.350000	706.684642
0.360000	706.686975
0.370000	706.689447
0.380000	706.692077
0.390000	706.694643
0.400000	706.697456
0.410000	706.700388
0.420000	706.703410
0.430000	706.706471
0.440000	706.709721
0.450000	706.713083
0.460000	706.716434
0.470000	706.720043
0.480000	706.723685
0.490000	706.727439
0.500000	706.731263
0.510000	706.735256
0.520000	706.739335
0.530000	706.743495
0.540000	706.747772
0.550000	706.752208
0.560000	706.756761
0.570000	706.761347
0.580000	706.766051
0.590000	706.770891
0.600000	706.775812
0.610000	706.780861
0.620000	706.785938
0.630000	706.791144
0.640000	706.796456
0.650000	706.801935
0.660000	706.807345
0.670000	706.813005
0.680000	706.818695
0.690000	706.824534
0.700000	706.830345
0.710000	706.836383
0.720000	706.842424
0.730000	706.848626
0.740000	706.854944
0.750000	706.861240
0.760000	706.867729
0.770000	706.874279
0.780000	706.880905
0.790000	706.887617
0.800000	706.894420
0.810000	706.901349
0.820000	706.908336
0.830000	706.915459
0.840000	706.922523
0.850000	706.929858
0.860000	706.937209
0.870000	706.944664
0.880000	706.952194
0.890000	706.959742
0.900000	706.967459
0.910000	706.975190
0.920000	706.983068
0.930000	706.991070
0.940000	706.999078
0.950000	707.007240
0.960000	707.015446
0.970000	707.023783
0.980000	707.032189
0.990000	707.040603
1.000000	707.049199
1.010000	707.057832
1.020000	707.066558
1.030000	707.075419
1.040000	707.084355
1.050000	707.093330
1.060000	707.102415
1.070000	707.111573
1.080000	707.120835
1.090000	707.130104
1.100000	707.139568
1.110000	707.149044
1.120000	707.158639
1.130000	707.168306
1.140000	707.178024
1.150000	707.187942
1.160000	707.197854
1.170000	707.207887
1.180000	707.218017
1.190000	707.228178
1.200000	707.238380
1.210000	707.248826
1.220000	707.259260
1.230000	707.269822
1.240000	707.280444
1.250000	707.291160
1.260000	707.301936
1.270000	707.312786
1.280000	707.323772
1.290000	707.334784
1.300000	707.345958
1.310000	707.357151
1.320000	707.368481
1.330000	707.379864
1.340000	707.391319
1.350000	707.402855
1.360000	707.414554
1.370000	707.426272
1.380000	707.438119
1.390000	707.449997
1.400000	707.461978
1.410000	707.474014
1.420000	707.486206
1.430000	707.498455
1.440000	707.510799
1.450000	707.523134
1.460000	707.535647
1.470000	707.548249
1.480000	707.560948
1.490000	707.573619
1.500000	707.586414
1.510000	707.599343
1.520000	707.612357
1.530000	707.625452
1.540000	707.638586
1.550000	707.651787
1.560000	707.665108
1.570000	707.678556
1.580000	707.692042
1.590000	707.705610
1.600000	707.719228
1.610000	707.732986
1.620000	707.746811
1.630000	707.760741
1.640000	707.774671
1.650000	707.788718
1.660000	707.802887
1.670000	707.817107
1.680000	707.831433
1.690000	707.845834
1.700000	707.860291
1.710000	707.874803
1.720000	707.889457
1.730000	707.904132
1.740000	707.918944
1.750000	707.933864
1.760000	707.948730
1.770000	707.963751
1.780000	707.978935
1.790000	707.994054
1.800000	708.009267
1.810000	708.024681
1.820000	708.040101
1.830000	708.055579
1.840000	708.071242
1.850000	708.086858
1.860000	708.102624
1.870000	708.118447
1.880000	708.134317
1.890000	708.150307
1.900000	708.166370
1.910000	708.182516
1.920000	708.198688
1.930000	708.214993
1.940000	708.231398
1.950000	708.247780
1.960000	708.264306
1.970000	708.280890
1.980000	708.297558
1.990000	708.314357
2.000000	708.331179
2.010000	708.348170
2.020000	708.365034
2.030000	708.382149
2.040000	708.399307
2.050000	708.416457
2.060000	708.433811
2.070000	708.451127
2.080000	708.468594
2.090000	708.486074
2.100000	708.503722
2.110000	708.521399
2.120000	708.539104
2.130000	708.556880
2.140000	708.574801
2.150000	708.592802
2.160000	708.610872
2.170000	708.628945
2.180000	708.647129
2.190000	708.665368
2.200000	708.683747
2.210000	708.702137
2.220000	708.720604
2.230000	708.739190
2.240000	708.757871
2.250000	708.776495
2.260000	708.795282
2.270000	708.814136
2.280000	708.833067
2.290000	708.852047
2.300000	708.871160
2.310000	708.890298
2.320000	708.909527
2.330000	708.928788
2.340000	708.948178
2.350000	708.967605
2.360000	708.987129
2.370000	709.006692
2.380000	709.026350
2.390000	709.046102
2.400000	709.065915
2.410000	709.085766
2.420000	709.105671
2.430000	709.125686
2.440000	709.145768
2.450000	709.165963
2.460000	709.186154
2.470000	709.206442
2.480000	709.226830
2.490000	709.247239
2.500000	709.267740
2.510000	709.288316
2.520000	709.308877
2.530000	709.329621
2.540000	709.350419
2.550000	709.371309
2.560000	709.392230
2.570000	709.413166
2.580000	709.434225
2.590000	709.455352
2.600000	709.476529
2.610000	709.497775
2.620000	709.519082
2.630000	709.540515
2.640000	709.561949
2.650000	709.583512
2.660000	709.605119
2.670000	709.626786
2.680000	709.648563
2.690000	709.670346
2.700000	709.692130
2.710000	709.714128
2.720000	709.736152
2.730000	709.758196
2.740000	709.780363
2.750000	709.802552
2.760000	709.824786
2.770000	709.847145
2.780000	709.869556
2.790000	709.892033
2.800000	709.914535
2.810000	709.937120
2.820000	709.959786
2.830000	709.982503
2.840000	710.005325
2.850000	710.028178
2.860000	710.051065
2.870000	710.074050
2.880000	710.097165
2.890000	710.120261
2.900000	710.143346
2.910000	710.166637
2.920000	710.189959
2.930000	710.213282
2.940000	710.236759
2.950000	710.260274
2.960000	710.283752
2.970000	710.307407
2.980000	710.331011
2.990000	710.354783
3.000000	710.378655
3.010000	710.402453
3.020000	710.426475
3.030000	710.450425
3.040000	710.474475
3.050000	710.498661
3.060000	710.522776
3.070000	710.547005
3.080000	710.571358
3.090000	710.595652
3.100000	710.620093
3.110000	710.644574
3.120000	710.669079
3.130000	710.693731
3.140000	710.718435
3.150000	710.743066
3.160000	710.767893
3.170000	710.792729
3.180000	710.817607
3.190000	710.842638
3.200000	710.867604
3.210000	710.892636
3.220000	710.917810
3.230000	710.943002
3.240000	710.968252
3.250000	710.993557
3.260000	711.018924
3.270000	711.044425
3.280000	711.069911
3.290000	711.095367
3.300000	711.120997
3.310000	711.146676
3.320000	711.172353
3.330000	711.198177
3.340000	711.224027
3.350000	711.249867
3.360000	711.275854
3.370000	711.301812
3.380000	711.327872
3.390000	711.354010
3.400000	711.380143
3.410000	711.406359
3.420000	711.432655
3.430000	711.459006
3.440000	711.485387
3.450000	711.511794
3.460000	711.538238
3.470000	711.564819
3.480000	711.591477
3.490000	711.618145
3.500000	711.644869
3.510000	711.671571
3.520000	711.698444
3.530000	711.725305
3.540000	711.752293
3.550000	711.779238
3.560000	711.806247
3.570000	711.833370
3.580000	711.860462
3.590000	711.887668
3.600000	711.914955
3.610000	711.942243
3.620000	711.969576
3.630000	711.996961
3.640000	712.024422
3.650000	712.051935
3.660000	712.079468
3.670000	712.107083
3.680000	712.134799
3.690000	712.162527
3.700000	712.190324
3.710000	712.218059
3.720000	712.245936
3.730000	712.273862
3.740000	712.301825
3.750000	712.329831
3.760000	712.357856
3.770000	712.386004
3.780000	712.414176
3.790000	712.442381
3.800000	712.470623
3.810000	712.498962
3.820000	712.527249
3.830000	712.555709
3.840000	712.584127
3.850000	712.612633
3.860000	712.641211
3.870000	712.669814
3.880000	712.698471
3.890000	712.727147
3.900000	712.755877
3.910000	712.784683
3.920000	712.813498
3.930000	712.842365
3.940000	712.871332
3.950000	712.900316
3.960000	712.929300
3.970000	712.958365
3.980000	712.987513
3.990000	713.016655
4.000000	713.045824
4.010000	713.075099
4.020000	713.104411
4.030000	713.133671
4.040000	713.163128
4.050000	713.192546
4.060000	713.222045
4.070000	713.251498
4.080000	713.281080
4.090000	713.310687
4.100000	713.340294
4.110000	713.370046
4.120000	713.399774
4.130000	713.429566
4.140000	713.459372
4.150000	713.489204
4.160000	713.519135
4.170000	713.549047
4.180000	713.579081
4.190000	713.609057
4.200000	713.639237
4.210000	713.669289
4.220000	713.699503
4.230000	713.729690
4.240000	713.759897
4.250000	713.790202
4.260000	713.820487
4.270000	713.850871
4.280000	713.881378
4.290000	713.911707
4.300000	713.942218
4.310000	713.972774
4.320000	714.003288
4.330000	714.033933
4.340000	714.064543
4.350000	714.095191
4.360000	714.125970
4.370000	714.156656
4.380000	714.187483
4.390000	714.218307
4.400000	714.249280
4.410000	714.280179
4.420000	714.311080
4.430000	714.342130
4.440000	714.373089
4.450000	714.404194
4.460000	714.435274
4.470000	714.466445
4.480000	714.497621
4.490000	714.528813
4.500000	714.560050
4.510000	714.591335
4.520000	714.622665
4.530000	714.654013
4.540000	714.685423
4.550000	714.716839
4.560000	714.748303
4.570000	714.779819
4.580000	714.811388
4.590000	714.842982
4.600000	714.874549
4.610000	714.906210
4.620000	714.937899
4.630000	714.969597
4.640000	715.001348
4.650000	715.033066
4.660000	715.064868
4.670000	715.096791
4.680000	715.128568
4.690000	715.160520
4.700000	715.192491
4.710000	715.224434
4.720000	715.256458
4.730000	715.288453
4.740000	715.320571
4.750000	715.352671
4.760000	715.384839
4.770000	715.417006
4.780000	715.449168
4.790000	715.481440
4.800000	715.513661
4.810000	715.545954
4.820000	715.578267
4.830000	715.610652
4.840000	715.643000
4.850000	715.675442
4.860000	715.707830
4.870000	715.740400
4.880000	715.772889
4.890000	715.805446
4.900000	715.838000
4.910000	715.870537
4.920000	715.903208
4.930000	715.935823
4.940000	715.968533
4.950000	716.001151
4.960000	716.033955
4.970000	716.066701
4.980000	716.099475
4.990000	716.132315
5.000000	716.165165
5.010000	716.198025
5.020000	716.230901
5.030000	716.263851
5.040000	716.296789
5.050000	716.329788
5.060000	716.362837
5.070000	716.395854
5.080000	716.428915
5.090000	716.461988
5.100000	716.495048
5.110000	716.528216
5.120000	716.561346
5.130000	716.594513
5.140000	716.627775
5.150000	716.661037
5.160000	716.694251
5.170000	716.727599
5.180000	716.760918
5.190000	716.794184
5.200000	716.827524
5.210000	716.860950
5.220000	716.894290
5.230000	716.927783
5.240000	716.961164
5.250000	716.994651
5.260000	717.028129
5.270000	717.061650
5.280000	717.095214
5.290000	717.128799
5.300000	717.162421
5.310000	717.195949
5.320000	717.229608
5.330000	717.263272
5.340000	717.296865
5.350000	717.330619
5.360000	717.364346
5.370000	717.398025
5.380000	717.431737
5.390000	717.465554
5.400000	717.499390
5.410000	717.533167
5.420000	717.566936
5.430000	717.600850
5.440000	717.634661
5.450000	717.668579
5.460000	717.702456
5.470000	717.736460
5.480000	717.770365
5.490000	717.804344
5.500000	717.838337
5.510000	717.872350
5.520000	717.906377
5.530000	717.940349
5.540000	717.974438
5.550000	718.008521
5.560000	718.042572
5.570000	718.076697
5.580000	718.110737
5.590000	718.144912
5.600000	718.179053
5.610000	718.213211
5.620000	718.247466
5.630000	718.281636
5.640000	718.315913
5.650000	718.350096
5.660000	718.384297
5.670000	718.418587
5.680000	718.452933
5.690000	718.487147
5.700000	718.521472
5.710000	718.555748
5.720000	718.590113
5.730000	718.624476
5.740000	718.658815
5.750000	718.693235
5.760000	718.727595
5.770000	718.761978
5.780000	718.796403
5.790000	718.830789
5.800000	718.865245
5.810000	718.899714
5.820000	718.934174
5.830000	718.968627
5.840000	719.003127
5.850000	719.037678
5.860000	719.072102
5.870000	719.106738
5.880000	719.141228
5.890000	719.175801
5.900000	719.210346
5.910000	719.244872
5.920000	719.279512
5.930000	719.314140
5.940000	719.348683
5.950000	719.383358
5.960000	719.417914
5.970000	719.452542
5.980000	719.487191
5.990000	719.521810
6.000000	719.556472
6.010000	719.591130
6.020000	719.625852
6.030000	719.660490
6.040000	719.695185
6.050000	719.729926
6.060000	719.764608
6.070000	719.799312
6.080000	719.834027
6.090000	719.868789
6.100000	719.903463
6.110000	719.938273
6.120000	719.972946
6.130000	720.007725
6.140000	720.042520
6.150000	720.077334
6.160000	720.112059
6.170000	720.146853
6.180000	720.181631
6.190000	720.216438
6.200000	720.251226
6.210000	720.286018
6.220000	720.320872
6.230000	720.355669
6.240000	720.390504
6.250000	720.425252
6.260000	720.460129
6.270000	720.494937
6.280000	720.529804
6.290000	720.564607
6.300000	720.599494
6.310000	720.634272
6.320000	720.669182
6.330000	720.703993
6.340000	720.738885
6.350000	720.773752
6.360000	720.808622
6.370000	720.843477
6.380000	720.878318
6.390000	720.913184
6.400000	720.948089
6.410000	720.982890
6.420000	721.017703
6.430000	721.052644
6.440000	721.087585
6.450000	721.122396
6.460000	721.157303
6.470000	721.192205
6.480000	721.227064
6.490000	721.261943
6.500000	721.296846
6.510000	721.331725
6.520000	721.366547
6.530000	721.401397
6.540000	721.436334
6.550000	721.471180
6.560000	721.506020
6.570000	721.540869
6.580000	721.575742
6.590000	721.610637
6.600000	721.645524
6.610000	721.680423
6.620000	721.715223
6.630000	721.750141
6.640000	721.784975
6.650000	721.819847
6.660000	721.854718
6.670000	721.889556
6.680000	721.924374
6.690000	721.959170
6.700000	721.994069
6.710000	722.028902
6.720000	722.063701
6.730000	722.098553
6.740000	722.133373
6.750000	722.168193
6.760000	722.203016
6.770000	722.237805
6.780000	722.272638
6.790000	722.307437
6.800000	722.342254
6.810000	722.376973
6.820000	722.411800
6.830000	722.446563
6.840000	722.481388
6.850000	722.516106
6.860000	722.550873
6.870000	722.585592
6.880000	722.620330
6.890000	722.655125
6.900000	722.689822
6.910000	722.724569
6.920000	722.759275
6.930000	722.793959
6.940000	722.828623
6.950000	722.863428
6.960000	722.898080
6.970000	722.932785
6.980000	722.967375
6.990000	723.002098
7.000000	723.036748
7.010000	723.071388
7.020000	723.105999
7.030000	723.140591
7.040000	723.175306
7.050000	723.209819
7.060000	723.244440
7.070000	723.279013
7.080000	723.313652
7.090000	723.348147
7.100000	723.382718
7.110000	723.417325
7.120000	723.451763
7.130000	723.486335
7.140000	723.520859
7.150000	723.555322
7.160000	723.589872
7.170000	723.624321
7.180000	723.658773
7.190000	723.693256
7.200000	723.727668
7.210000	723.762111
7.220000	723.796520
7.230000	723.830921
7.240000	723.865321
7.250000	723.899671
7.260000	723.934071
7.270000	723.968423
7.280000	724.002760
7.290000	724.037063
7.300000	724.071389
7.310000	724.105717
7.320000	724.139972
7.330000	724.174241
7.340000	724.208521
7.350000	724.242737
7.360000	724.277002
7.370000	724.311176
7.380000	724.345288
7.390000	724.379530
7.400000	724.413697
7.410000	724.447846
7.420000	724.481953
7.430000	724.516107
7.440000	724.550165
7.450000	724.584294
7.460000	724.618424
7.470000	724.652448
7.480000	724.686422
7.490000	724.720456
7.500000	724.754498
7.510000	724.788458
7.520000	724.822422
7.530000	724.856350
7.540000	724.890241
7.550000	724.924237
7.560000	724.958049
7.570000	724.991998
7.580000	725.025875
7.590000	725.059680
7.600000	725.093520
7.610000	725.127300
7.620000	725.161043
7.630000	725.194821
7.640000	725.228605
7.650000	725.262282
7.660000	725.296018
7.670000	725.329641
7.680000	725.363349
7.690000	725.396953
7.700000	725.430599
7.710000	725.464226
7.720000	725.497853
7.730000	725.531393
7.740000	725.564893
7.750000	725.598383
7.760000	725.631905
7.770000	725.665424
7.780000	725.698826
7.790000	725.732232
7.800000	725.765659
7.810000	725.799051
7.820000	725.832429
7.830000	725.865808
7.840000	725.899097
7.850000	725.932344
7.860000	725.965672
7.870000	725.998935
7.880000	726.032139
7.890000	726.065431
7.900000	726.098558
7.910000	726.131760
7.920000	726.164909
7.930000	726.197956
7.940000	726.231030
7.950000	726.264096
7.960000	726.297139
7.970000	726.330167
7.980000	726.363155
7.990000	726.396081
8.000000	726.429066
8.010000	726.462020
8.020000	726.494878
8.030000	726.527697
8.040000	726.560603
8.050000	726.593414
8.060000	726.626107
8.070000	726.658900
8.080000	726.691655
8.090000	726.724367
8.100000	726.757070
8.110000	726.789661
8.120000	726.822317
8.130000	726.854921
8.140000	726.887548
8.150000	726.920037
8.160000	726.952580
8.170000	726.985089
8.180000	727.017494
8.190000	727.049901
8.200000	727.082363
8.210000	727.114737
8.220000	727.147103
8.230000	727.179398
8.240000	727.211692
8.250000	727.243967
8.260000	727.276223
8.270000	727.308384
8.280000	727.340606
8.290000	727.372684
8.300000	727.404874
8.310000	727.436968
8.320000	727.468979
8.330000	727.501012
8.340000	727.532949
8.350000	727.564966
8.360000	727.596940
8.370000	727.628819
8.380000	727.660726
8.390000	727.692523
8.400000	727.724316
8.410000	727.756116
8.420000	727.787904
8.430000	727.819522
8.440000	727.851272
8.450000	727.882927
8.460000	727.914606
8.470000	727.946117
8.480000	727.977752
8.490000	728.009265
8.500000	728.040767
8.510000	728.072238
8.520000	728.103633
8.530000	728.135011
8.540000	728.166439
8.550000	728.197782
8.560000	728.229016
8.570000	728.260355
8.580000	728.291543
8.590000	728.322718
8.600000	728.353902
8.610000	728.385026
8.620000	728.416090
8.630000	728.447179
8.640000	728.478213
8.650000	728.509231
8.660000	728.540168
8.670000	728.571143
8.680000	728.601991
8.690000	728.632810
8.700000	728.663671
8.710000	728.694450
8.720000	728.725148
8.730000	728.755957
8.740000	728.786596
8.750000	728.817258
8.760000	728.847878
8.770000	728.878463
8.780000	728.908911
8.790000	728.939430
8.800000	728.969827
8.810000	729.000299
8.820000	729.030745
8.830000	729.061011
8.840000	729.091312
8.850000	729.121618
8.860000	729.151865
8.870000	729.182087
8.880000	729.212220
8.890000	729.242332
8.900000	729.272404
8.910000	729.302455
8.920000	729.332514
8.930000	729.362497
8.940000	729.392377
8.950000	729.422294
8.960000	729.452131
8.970000	729.481911
8.980000	729.511736
8.990000	729.541489
9.000000	729.571200
9.010000	729.600832
9.020000	729.630473
9.030000	729.660081
9.040000	729.689612
9.050000	729.719028
9.060000	729.748565
9.070000	729.777953
9.080000	729.807366
9.090000	729.836749
9.100000	729.865980
9.110000	729.895217
9.120000	729.924548
9.130000	729.953630
9.140000	729.982800
9.150000	730.011914
9.160000	730.040920
9.170000	730.069909
9.180000	730.098946
9.190000	730.127887
9.200000	730.156715
9.210000	730.185556
9.220000	730.214421
9.230000	730.243202
9.240000	730.271907
9.250000	730.300513
9.260000	730.329243
9.270000	730.357773
9.280000	730.386369
9.290000	730.414860
9.300000	730.443311
9.310000	730.471756
9.320000	730.500074
9.330000	730.528488
9.340000	730.556825
9.350000	730.585017
9.360000	730.613257
9.370000	730.641396
9.380000	730.669503
9.390000	730.697577
9.400000	730.725600
9.410000	730.753596
9.420000	730.781567
9.430000	730.809465
9.440000	730.837277
9.450000	730.865110
9.460000	730.892812
9.470000	730.920602
9.480000	730.948240
9.490000	730.975826
9.500000	731.003469
9.510000	731.031028
9.520000	731.058530
9.530000	731.085967
9.540000	731.113373
9.550000	731.140732
9.560000	731.167999
9.570000	731.195294
9.580000	731.222525
9.590000	731.249632
9.600000	731.276807
9.610000	731.303859
9.620000	731.330916
9.630000	731.357881
9.640000	731.384821
9.650000	731.411749
9.660000	731.438589
9.670000	731.465361
9.680000	731.492155
9.690000	731.518806
9.700000	731.545459
9.710000	731.572169
9.720000	731.598625
9.730000	731.625166
9.740000	731.651623
9.750000	731.678023
9.760000	731.704394
9.770000	731.730728
9.780000	731.756971
9.790000	731.783210
9.800000	731.809378
9.810000	731.835475
9.820000	731.861597
9.830000	731.887599
9.840000	731.913648
9.850000	731.939527
9.860000	731.965429
9.870000	731.991258
9.880000	732.017099
9.890000	732.042741
9.900000	732.068426
9.910000	732.094064
9.920000	732.119673
9.930000	732.145164
9.940000	732.170683
9.950000	732.196142
9.960000	732.221544
9.970000	732.246856
9.980000	732.272113
9.990000	732.297293
10.000000	732.322566
