0.000000	0.000000	-4.451000	0.000000	0.122500	
0.010000	0.000000	-4.451000	0.000000	0.122500	
0.020000	0.000000	-4.451000	0.000000	0.122500	
0.030000	0.000000	-4.451000	0.000000	0.122500	
0.040000	0.000000	-4.451000	0.000000	0.122500	
0.050000	0.000000	-4.451000	0.000000	0.122500	
0.060000	0.000000	-4.451000	0.000000	0.122500	
0.070000	0.000000	-4.451000	0.000000	0.122500	
0.080000	0.000000	-4.451000	0.000000	0.122500	
0.090000	0.000000	-4.451000	0.000000	0.122500	
0.100000	0.000000	-4.451000	0.000000	0.122500	
0.110000	0.000000	-4.451000	0.000000	0.122500	
0.120000	0.000000	-4.451000	0.000000	0.122500	
0.130000	0.000000	-4.451000	0.000000	0.122500	
0.140000	0.000000	-4.451000	0.000000	0.122500	
0.150000	0.000000	-4.451000	0.000000	0.122500	
0.160000	0.000000	-4.451000	0.000000	0.122500	
0.170000	0.000000	-4.451000	0.000000	0.122500	
0.180000	0.000000	-4.451000	0.000000	0.122500	
0.190000	0.000000	-4.451000	0.000000	0.122500	
0.200000	0.000000	-4.451000	0.000000	0.122500	
0.210000	0.000000	-4.451000	0.000000	0.122500	
0.220000	0.000000	-4.451000	0.000000	0.122500	
0.230000	0.000000	-4.451000	0.000000	0.122500	
0.240000	0.000000	-4.451000	0.000000	0.122500	
0.250000	0.000000	-4.451000	0.000000	0.122500	
0.260000	0.000000	-4.451000	0.000000	0.122500	
0.270000	0.000000	-4.451000	0.000000	0.122500	
0.280000	0.000000	-4.451000	0.000000	0.122500	
0.290000	0.000000	-4.451000	0.000000	0.122500	
0.300000	0.000000	-4.451000	0.000000	0.122500	
0.310000	0.000000	-4.451000	0.000000	0.122500	
0.320000	0.000000	-4.451000	0.000000	0.122500	
0.330000	0.000000	-4.451000	0.000000	0.122500	
0.340000	0.000000	-4.451000	0.000000	0.122500	
0.350000	0.000000	-4.451000	0.000000	0.122500	
0.360000	0.000000	-4.451000	0.000000	0.122500	
0.370000	0.000000	-4.451000	0.000000	0.122500	
0.380000	0.000000	-4.451000	0.000000	0.122500	
0.390000	0.000000	-4.451000	0.000000	0.122500	
0.400000	0.000000	-4.451000	0.000000	0.122500	
0.410000	0.000000	-4.451000	0.000000	0.122500	
0.420000	0.000000	-4.451000	0.000000	0.122500	
0.430000	0.000000	-4.451000	0.000000	0.122500	
0.440000	0.000000	-4.451000	0.000000	0.122500	
0.450000	0.000000	-4.451000	0.000000	0.122500	
0.460000	0.000000	-4.451000	0.000000	0.122500	
0.470000	0.000000	-4.451000	0.000000	0.122500	
0.480000	0.000000	-4.451000	0.000000	0.122500	
0.490000	0.000000	-4.451000	0.000000	0.122500	
0.500000	0.000000	-4.451000	0.000000	0.122500	
0.510000	0.000000	-4.451000	0.000000	0.122500	
0.520000	0.000000	-4.451000	0.000000	0.122500	
0.530000	0.000000	-4.451000	0.000000	0.122500	
0.540000	0.000000	-4.451000	0.000000	0.122500	
0.550000	0.000000	-4.451000	0.000000	0.122500	
0.560000	0.000000	-4.451000	0.000000	0.122500	
0.570000	0.000000	-4.451000	0.000000	0.122500	
0.580000	0.000000	-4.451000	0.000000	0.122500	
0.590000	0.000000	-4.451000	0.000000	0.122500	
0.600000	0.000000	-4.451000	0.000000	0.122500	
0.610000	0.000000	-4.451000	0.000000	0.122500	
0.620000	0.000000	-4.451000	0.000000	0.122500	
0.630000	0.000000	-4.451000	0.000000	0.122500	
0.640000	0.000000	-4.451000	0.000000	0.122500	
0.650000	0.000000	-4.451000	0.000000	0.122500	
0.660000	0.000000	-4.451000	0.000000	0.122500	
0.670000	0.000000	-4.451000	0.000000	0.122500	
0.680000	0.000000	-4.451000	0.000000	0.122500	
0.690000	0.000000	-4.451000	0.000000	0.122500	
0.700000	0.000000	-4.451000	0.000000	0.122500	
0.710000	0.000000	-4.451000	0.000000	0.122500	
0.720000	0.000000	-4.451000	0.000000	0.122500	
0.730000	0.000000	-4.451000	0.000000	0.122500	
0.740000	0.000000	-4.451000	0.000000	0.122500	
0.750000	0.000000	-4.451000	0.000000	0.122500	
0.760000	0.000000	-4.451000	0.000000	0.122500	
0.770000	0.000000	-4.451000	0.000000	0.122500	
0.780000	0.000000	-4.451000	0.000000	0.122500	
0.790000	0.000000	-4.451000	0.000000	0.122500	
0.800000	0.000000	-4.451000	0.000000	0.122500	
0.810000	0.000000	-4.451000	0.000000	0.122500	
0.820000	0.000000	-4.451000	0.000000	0.122500	
0.830000	0.000000	-4.451000	0.000000	0.122500	
0.840000	0.000000	-4.451000	0.000000	0.122500	
0.850000	0.000000	-4.451000	0.000000	0.122500	
0.860000	0.000000	-4.451000	0.000000	0.122500	
0.870000	0.000000	-4.451000	0.000000	0.122500	
0.880000	0.000000	-4.451000	0.000000	0.122500	
0.890000	0.000000	-4.451000	0.000000	0.122500	
0.900000	0.000000	-4.451000	0.000000	0.122500	
0.910000	0.000000	-4.451000	0.000000	0.122500	
0.920000	0.000000	-4.451000	0.000000	0.122500	
0.930000	0.000000	-4.451000	0.000000	0.122500	
0.940000	0.000000	-4.451000	0.000000	0.122500	
0.950000	0.000000	-4.451000	0.000000	0.122500	
0.960000	0.000000	-4.451000	0.000000	0.122500	
0.970000	0.000000	-4.451000	0.000000	0.122500	
0.980000	0.000000	-4.451000	0.000000	0.122500	
0.990000	0.000000	-4.451000	0.000000	0.122500	
1.000000	0.000000	-4.451000	0.000000	0.122500	
1.010000	0.000000	-4.451000	0.000000	0.122500	
1.020000	0.000000	-4.451000	0.000000	0.122500	
1.030000	0.000000	-4.451000	0.000000	0.122500	
1.040000	0.000000	-4.451000	0.000000	0.122500	
1.050000	0.000000	-4.451000	0.000000	0.122500	
1.060000	0.000000	-4.451000	0.000000	0.122500	
1.070000	0.000000	-4.451000	0.000000	0.122500	
1.080000	0.000000	-4.451000	0.000000	0.122500	
1.090000	0.000000	-4.451000	0.000000	0.122500	
1.100000	0.000000	-4.451000	0.000000	0.122500	
1.110000	0.000000	-4.451000	0.000000	0.122500	
1.120000	0.000000	-4.451000	0.000000	0.122500	
1.130000	0.000000	-4.451000	0.000000	0.122500	
1.140000	0.000000	-4.451000	0.000000	0.122500	
1.150000	0.000000	-4.451000	0.000000	0.122500	
1.160000	0.000000	-4.451000	0.000000	0.122500	
1.170000	0.000000	-4.451000	0.000000	0.122500	
1.180000	0.000000	-4.451000	0.000000	0.122500	
1.190000	0.000000	-4.451000	0.000000	0.122500	
1.200000	0.000000	-4.451000	0.000000	0.122500	
1.210000	0.000000	-4.451000	0.000000	0.122500	
1.220000	0.000000	-4.451000	0.000000	0.122500	
1.230000	0.000000	-4.451000	0.000000	0.122500	
1.240000	0.000000	-4.451000	0.000000	0.122500	
1.250000	0.000000	-4.451000	0.000000	0.122500	
1.260000	0.000000	-4.451000	0.000000	0.122500	
1.270000	0.000000	-4.451000	0.000000	0.122500	
1.280000	0.000000	-4.451000	0.000000	0.122500	
1.290000	0.000000	-4.451000	0.000000	0.122500	
1.300000	0.000000	-4.451000	0.000000	0.122500	
1.310000	0.000000	-4.451000	0.000000	0.122500	
1.320000	0.000000	-4.451000	0.000000	0.122500	
1.330000	0.000000	-4.451000	0.000000	0.122500	
1.340000	0.000000	-4.451000	0.000000	0.122500	
1.350000	0.000000	-4.451000	0.000000	0.122500	
1.360000	0.000000	-4.451000	0.000000	0.122500	
1.370000	0.000000	-4.451000	0.000000	0.122500	
1.380000	0.000000	-4.451000	0.000000	0.122500	
1.390000	0.000000	-4.451000	0.000000	0.122500	
1.400000	0.000000	-4.451000	0.000000	0.122500	
1.410000	0.000000	-4.451000	0.000000	0.122500	
1.420000	0.000000	-4.451000	0.000000	0.122500	
1.430000	0.000000	-4.451000	0.000000	0.122500	
1.440000	0.000000	-4.451000	0.000000	0.122500	
1.450000	0.000000	-4.451000	0.000000	0.122500	
1.460000	0.000000	-4.451000	0.000000	0.122500	
1.470000	0.000000	-4.451000	0.000000	0.122500	
1.480000	0.000000	-4.451000	0.000000	0.122500	
1.490000	0.000000	-4.451000	0.000000	0.122500	
1.500000	0.000000	-4.451000	0.000000	0.122500	
1.510000	0.000000	-4.451000	0.000000	0.122500	
1.520000	0.000000	-4.451000	0.000000	0.122500	
1.530000	0.000000	-4.451000	0.000000	0.122500	
1.540000	0.000000	-4.451000	0.000000	0.122500	
1.550000	0.000000	-4.451000	0.000000	0.122500	
1.560000	0.000000	-4.451000	0.000000	0.122500	
1.570000	0.000000	-4.451000	0.000000	0.122500	
1.580000	0.000000	-4.451000	0.000000	0.122500	
1.590000	0.000000	-4.451000	0.000000	0.122500	
1.600000	0.000000	-4.451000	0.000000	0.122500	
1.610000	0.000000	-4.451000	0.000000	0.122500	
1.620000	0.000000	-4.451000	0.000000	0.122500	
1.630000	0.000000	-4.451000	0.000000	0.122500	
1.640000	0.000000	-4.451000	0.000000	0.122500	
1.650000	0.000000	-4.451000	0.000000	0.122500	
1.660000	0.000000	-4.451000	0.000000	0.122500	
1.670000	0.000000	-4.451000	0.000000	0.122500	
1.680000	0.000000	-4.451000	0.000000	0.122500	
1.690000	0.000000	-4.451000	0.000000	0.122500	
1.700000	0.000000	-4.451000	0.000000	0.122500	
1.710000	0.000000	-4.451000	0.000000	0.122500	
1.720000	0.000000	-4.451000	0.000000	0.122500	
1.730000	0.000000	-4.451000	0.000000	0.122500	
1.740000	0.000000	-4.451000	0.000000	0.122500	
1.750000	0.000000	-4.451000	0.000000	0.122500	
1.760000	0.000000	-4.451000	0.000000	0.122500	
1.770000	0.000000	-4.451000	0.000000	0.122500	
1.780000	0.000000	-4.451000	0.000000	0.122500	
1.790000	0.000000	-4.451000	0.000000	0.122500	
1.800000	0.000000	-4.451000	0.000000	0.122500	
1.810000	0.000000	-4.451000	0.000000	0.122500	
1.820000	0.000000	-4.451000	0.000000	0.122500	
1.830000	0.000000	-4.451000	0.000000	0.122500	
1.840000	0.000000	-4.451000	0.000000	0.122500	
1.850000	0.000000	-4.451000	0.000000	0.122500	
1.860000	0.000000	-4.451000	0.000000	0.122500	
1.870000	0.000000	-4.451000	0.000000	0.122500	
1.880000	0.000000	-4.451000	0.000000	0.122500	
1.890000	0.000000	-4.451000	0.000000	0.122500	
1.900000	0.000000	-4.451000	0.000000	0.122500	
1.910000	0.000000	-4.451000	0.000000	0.122500	
1.920000	0.000000	-4.451000	0.000000	0.122500	
1.930000	0.000000	-4.451000	0.000000	0.122500	
1.940000	0.000000	-4.451000	0.000000	0.122500	
1.950000	0.000000	-4.451000	0.000000	0.122500	
1.960000	0.000000	-4.451000	0.000000	0.122500	
1.970000	0.000000	-4.451000	0.000000	0.122500	
1.980000	0.000000	-4.451000	0.000000	0.122500	
1.990000	0.000000	-4.451000	0.000000	0.122500	
2.000000	0.000000	-4.451000	0.000000	0.122500	
2.010000	0.000000	-4.451000	0.000000	0.122500	
2.020000	0.000000	-4.451000	0.000000	0.122500	
2.030000	0.000000	-4.451000	0.000000	0.122500	
2.040000	0.000000	-4.451000	0.000000	0.122500	
2.050000	0.000000	-4.451000	0.000000	0.122500	
2.060000	0.000000	-4.451000	0.000000	0.122500	
2.070000	0.000000	-4.451000	0.000000	0.122500	
2.080000	0.000000	-4.451000	0.000000	0.122500	
2.090000	0.000000	-4.451000	0.000000	0.122500	
2.100000	0.000000	-4.451000	0.000000	0.122500	
2.110000	0.000000	-4.451000	0.000000	0.122500	
2.120000	0.000000	-4.451000	0.000000	0.122500	
2.130000	0.000000	-4.451000	0.000000	0.122500	
2.140000	0.000000	-4.451000	0.000000	0.122500	
2.150000	0.000000	-4.451000	0.000000	0.122500	
2.160000	0.000000	-4.451000	0.000000	0.122500	
2.170000	0.000000	-4.451000	0.000000	0.122500	
2.180000	0.000000	-4.451000	0.000000	0.122500	
2.190000	0.000000	-4.451000	0.000000	0.122500	
2.200000	0.000000	-4.451000	0.000000	0.122500	
2.210000	0.000000	-4.451000	0.000000	0.122500	
2.220000	0.000000	-4.451000	0.000000	0.122500	
2.230000	0.000000	-4.451000	0.000000	0.122500	
2.240000	0.000000	-4.451000	0.000000	0.122500	
2.250000	0.000000	-4.451000	0.000000	0.122500	
2.260000	0.000000	-4.451000	0.000000	0.122500	
2.270000	0.000000	-4.451000	0.000000	0.122500	
2.280000	0.000000	-4.451000	0.000000	0.122500	
2.290000	0.000000	-4.451000	0.000000	0.122500	
2.300000	0.000000	-4.451000	0.000000	0.122500	
2.310000	0.000000	-4.451000	0.000000	0.122500	
2.320000	0.000000	-4.451000	0.000000	0.122500	
2.330000	0.000000	-4.451000	0.000000	0.122500	
2.340000	0.000000	-4.451000	0.000000	0.122500	
2.350000	0.000000	-4.451000	0.000000	0.122500	
2.360000	0.000000	-4.451000	0.000000	0.122500	
2.370000	0.000000	-4.451000	0.000000	0.122500	
2.380000	0.000000	-4.451000	0.000000	0.122500	
2.390000	0.000000	-4.451000	0.000000	0.122500	
2.400000	0.000000	-4.451000	0.000000	0.122500	
2.410000	0.000000	-4.451000	0.000000	0.122500	
2.420000	0.000000	-4.451000	0.000000	0.122500	
2.430000	0.000000	-4.451000	0.000000	0.122500	
2.440000	0.000000	-4.451000	0.000000	0.122500	
2.450000	0.000000	-4.451000	0.000000	0.122500	
2.460000	0.000000	-4.451000	0.000000	0.122500	
2.470000	0.000000	-4.451000	0.000000	0.122500	
2.480000	0.000000	-4.451000	0.000000	0.122500	
2.490000	0.000000	-4.451000	0.000000	0.122500	
2.500000	0.000000	-4.451000	0.000000	0.122500	
2.510000	0.000000	-4.451000	0.000000	0.122500	
2.520000	0.000000	-4.451000	0.000000	0.122500	
2.530000	0.000000	-4.451000	0.000000	0.122500	
2.540000	0.000000	-4.451000	0.000000	0.122500	
2.550000	0.000000	-4.451000	0.000000	0.122500	
2.560000	0.000000	-4.451000	0.000000	0.122500	
2.570000	0.000000	-4.451000	0.000000	0.122500	
2.580000	0.000000	-4.451000	0.000000	0.122500	
2.590000	0.000000	-4.451000	0.000000	0.122500	
2.600000	0.000000	-4.451000	0.000000	0.122500	
2.610000	0.000000	-4.451000	0.000000	0.122500	
2.620000	0.000000	-4.451000	0.000000	0.122500	
2.630000	0.000000	-4.451000	0.000000	0.122500	
2.640000	0.000000	-4.451000	0.000000	0.122500	
2.650000	0.000000	-4.451000	0.000000	0.122500	
2.660000	0.000000	-4.451000	0.000000	0.122500	
2.670000	0.000000	-4.451000	0.000000	0.122500	
2.680000	0.000000	-4.451000	0.000000	0.122500	
2.690000	0.000000	-4.451000	0.000000	0.122500	
2.700000	0.000000	-4.451000	0.000000	0.122500	
2.710000	0.000000	-4.451000	0.000000	0.122500	
2.720000	0.000000	-4.451000	0.000000	0.122500	
2.730000	0.000000	-4.451000	0.000000	0.122500	
2.740000	0.000000	-4.451000	0.000000	0.122500	
2.750000	0.000000	-4.451000	0.000000	0.122500	
2.760000	0.000000	-4.451000	0.000000	0.122500	
2.770000	0.000000	-4.451000	0.000000	0.122500	
2.780000	0.000000	-4.451000	0.000000	0.122500	
2.790000	0.000000	-4.451000	0.000000	0.122500	
2.800000	0.000000	-4.451000	0.000000	0.122500	
2.810000	0.000000	-4.451000	0.000000	0.122500	
2.820000	0.000000	-4.451000	0.000000	0.122500	
2.830000	0.000000	-4.451000	0.000000	0.122500	
2.840000	0.000000	-4.451000	0.000000	0.122500	
2.850000	0.000000	-4.451000	0.000000	0.122500	
2.860000	0.000000	-4.451000	0.000000	0.122500	
2.870000	0.000000	-4.451000	0.000000	0.122500	
2.880000	0.000000	-4.451000	0.000000	0.122500	
2.890000	0.000000	-4.451000	0.000000	0.122500	
2.900000	0.000000	-4.451000	0.000000	0.122500	
2.910000	0.000000	-4.451000	0.000000	0.122500	
2.920000	0.000000	-4.451000	0.000000	0.122500	
2.930000	0.000000	-4.451000	0.000000	0.122500	
2.940000	0.000000	-4.451000	0.000000	0.122500	
2.950000	0.000000	-4.451000	0.000000	0.122500	
2.960000	0.000000	-4.451000	0.000000	0.122500	
2.970000	0.000000	-4.451000	0.000000	0.122500	
2.980000	0.000000	-4.451000	0.000000	0.122500	
2.990000	0.000000	-4.451000	0.000000	0.122500	
3.000000	0.000000	-4.451000	0.000000	0.122500	
3.010000	0.000000	-4.451000	0.000000	0.122500	
3.020000	0.000000	-4.451000	0.000000	0.122500	
3.030000	0.000000	-4.451000	0.000000	0.122500	
3.040000	0.000000	-4.451000	0.000000	0.122500	
3.050000	0.000000	-4.451000	0.000000	0.122500	
3.060000	0.000000	-4.451000	0.000000	0.122500	
3.070000	0.000000	-4.451000	0.000000	0.122500	
3.080000	0.000000	-4.451000	0.000000	0.122500	
3.090000	0.000000	-4.451000	0.000000	0.122500	
3.100000	0.000000	-4.451000	0.000000	0.122500	
3.110000	0.000000	-4.451000	0.000000	0.122500	
3.120000	0.000000	-4.451000	0.000000	0.122500	
3.130000	0.000000	-4.451000	0.000000	0.122500	
3.140000	0.000000	-4.451000	0.000000	0.122500	
3.150000	0.000000	-4.451000	0.000000	0.122500	
3.160000	0.000000	-4.451000	0.000000	0.122500	
3.170000	0.000000	-4.451000	0.000000	0.122500	
3.180000	0.000000	-4.451000	0.000000	0.122500	
3.190000	0.000000	-4.451000	0.000000	0.122500	
3.200000	0.000000	-4.451000	0.000000	0.122500	
3.210000	0.000000	-4.451000	0.000000	0.122500	
3.220000	0.000000	-4.451000	0.000000	0.122500	
3.230000	0.000000	-4.451000	0.000000	0.122500	
3.240000	0.000000	-4.451000	0.000000	0.122500	
3.250000	0.000000	-4.451000	0.000000	0.122500	
3.260000	0.000000	-4.451000	0.000000	0.122500	
3.270000	0.000000	-4.451000	0.000000	0.122500	
3.280000	0.000000	-4.451000	0.000000	0.122500	
3.290000	0.000000	-4.451000	0.000000	0.122500	
3.300000	0.000000	-4.451000	0.000000	0.122500	
3.310000	0.000000	-4.451000	0.000000	0.122500	
3.320000	0.000000	-4.451000	0.000000	0.122500	
3.330000	0.000000	-4.451000	0.000000	0.122500	
3.340000	0.000000	-4.451000	0.000000	0.122500	
3.350000	0.000000	-4.451000	0.000000	0.122500	
3.360000	0.000000	-4.451000	0.000000	0.122500	
3.370000	0.000000	-4.451000	0.000000	0.122500	
3.380000	0.000000	-4.451000	0.000000	0.122500	
3.390000	0.000000	-4.451000	0.000000	0.122500	
3.400000	0.000000	-4.451000	0.000000	0.122500	
3.410000	0.000000	-4.451000	0.000000	0.122500	
3.420000	0.000000	-4.451000	0.000000	0.122500	
3.430000	0.000000	-4.451000	0.000000	0.122500	
3.440000	0.000000	-4.451000	0.000000	0.122500	
3.450000	0.000000	-4.451000	0.000000	0.122500	
3.460000	0.000000	-4.451000	0.000000	0.122500	
3.470000	0.000000	-4.451000	0.000000	0.122500	
3.480000	0.000000	-4.451000	0.000000	0.122500	
3.490000	0.000000	-4.451000	0.000000	0.122500	
3.500000	0.000000	-4.451000	0.000000	0.122500	
3.510000	0.000000	-4.451000	0.000000	0.122500	
3.520000	0.000000	-4.451000	0.000000	0.122500	
3.530000	0.000000	-4.451000	0.000000	0.122500	
3.540000	0.000000	-4.451000	0.000000	0.122500	
3.550000	0.000000	-4.451000	0.000000	0.122500	
3.560000	0.000000	-4.451000	0.000000	0.122500	
3.570000	0.000000	-4.451000	0.000000	0.122500	
3.580000	0.000000	-4.451000	0.000000	0.122500	
3.590000	0.000000	-4.451000	0.000000	0.122500	
3.600000	0.000000	-4.451000	0.000000	0.122500	
3.610000	0.000000	-4.451000	0.000000	0.122500	
3.620000	0.000000	-4.451000	0.000000	0.122500	
3.630000	0.000000	-4.451000	0.000000	0.122500	
3.640000	0.000000	-4.451000	0.000000	0.122500	
3.650000	0.000000	-4.451000	0.000000	0.122500	
3.660000	0.000000	-4.451000	0.000000	0.122500	
3.670000	0.000000	-4.451000	0.000000	0.122500	
3.680000	0.000000	-4.451000	0.000000	0.122500	
3.690000	0.000000	-4.451000	0.000000	0.122500	
3.700000	0.000000	-4.451000	0.000000	0.122500	
3.710000	0.000000	-4.451000	0.000000	0.122500	
3.720000	0.000000	-4.451000	0.000000	0.122500	
3.730000	0.000000	-4.451000	0.000000	0.122500	
3.740000	0.000000	-4.451000	0.000000	0.122500	
3.750000	0.000000	-4.451000	0.000000	0.122500	
3.760000	0.000000	-4.451000	0.000000	0.122500	
3.770000	0.000000	-4.451000	0.000000	0.122500	
3.780000	0.000000	-4.451000	0.000000	0.122500	
3.790000	0.000000	-4.451000	0.000000	0.122500	
3.800000	0.000000	-4.451000	0.000000	0.122500	
3.810000	0.000000	-4.451000	0.000000	0.122500	
3.820000	0.000000	-4.451000	0.000000	0.122500	
3.830000	0.000000	-4.451000	0.000000	0.122500	
3.840000	0.000000	-4.451000	0.000000	0.122500	
3.850000	0.000000	-4.451000	0.000000	0.122500	
3.860000	0.000000	-4.451000	0.000000	0.122500	
3.870000	0.000000	-4.451000	0.000000	0.122500	
3.880000	0.000000	-4.451000	0.000000	0.122500	
3.890000	0.000000	-4.451000	0.000000	0.122500	
3.900000	0.000000	-4.451000	0.000000	0.122500	
3.910000	0.000000	-4.451000	0.000000	0.122500	
3.920000	0.000000	-4.451000	0.000000	0.122500	
3.930000	0.000000	-4.451000	0.000000	0.122500	
3.940000	0.000000	-4.451000	0.000000	0.122500	
3.950000	0.000000	-4.451000	0.000000	0.122500	
3.960000	0.000000	-4.451000	0.000000	0.122500	
3.970000	0.000000	-4.451000	0.000000	0.122500	
3.980000	0.000000	-4.451000	0.000000	0.122500	
3.990000	0.000000	-4.451000	0.000000	0.122500	
4.000000	0.000000	-4.451000	0.000000	0.122500	
4.010000	0.000000	-4.451000	0.000000	0.122500	
4.020000	0.000000	-4.451000	0.000000	0.122500	
4.030000	0.000000	-4.451000	0.000000	0.122500	
4.040000	0.000000	-4.451000	0.000000	0.122500	
4.050000	0.000000	-4.451000	0.000000	0.122500	
4.060000	0.000000	-4.451000	0.000000	0.122500	
4.070000	0.000000	-4.451000	0.000000	0.122500	
4.080000	0.000000	-4.451000	0.000000	0.122500	
4.090000	0.000000	-4.451000	0.000000	0.122500	
4.100000	0.000000	-4.451000	0.000000	0.122500	
4.110000	0.000000	-4.451000	0.000000	0.122500	
4.120000	0.000000	-4.451000	0.000000	0.122500	
4.130000	0.000000	-4.451000	0.000000	0.122500	
4.140000	0.000000	-4.451000	0.000000	0.122500	
4.150000	0.000000	-4.451000	0.000000	0.122500	
4.160000	0.000000	-4.451000	0.000000	0.122500	
4.170000	0.000000	-4.451000	0.000000	0.122500	
4.180000	0.000000	-4.451000	0.000000	0.122500	
4.190000	0.000000	-4.451000	0.000000	0.122500	
4.200000	0.000000	-4.451000	0.000000	0.122500	
4.210000	0.000000	-4.451000	0.000000	0.122500	
4.220000	0.000000	-4.451000	0.000000	0.122500	
4.230000	0.000000	-4.451000	0.000000	0.122500	
4.240000	0.000000	-4.451000	0.000000	0.122500	
4.250000	0.000000	-4.451000	0.000000	0.122500	
4.260000	0.000000	-4.451000	0.000000	0.122500	
4.270000	0.000000	-4.451000	0.000000	0.122500	
4.280000	0.000000	-4.451000	0.000000	0.122500	
4.290000	0.000000	-4.451000	0.000000	0.122500	
4.300000	0.000000	-4.451000	0.000000	0.122500	
4.310000	0.000000	-4.451000	0.000000	0.122500	
4.320000	0.000000	-4.451000	0.000000	0.122500	
4.330000	0.000000	-4.451000	0.000000	0.122500	
4.340000	0.000000	-4.451000	0.000000	0.122500	
4.350000	0.000000	-4.451000	0.000000	0.122500	
4.360000	0.000000	-4.451000	0.000000	0.122500	
4.370000	0.000000	-4.451000	0.000000	0.122500	
4.380000	0.000000	-4.451000	0.000000	0.122500	
4.390000	0.000000	-4.451000	0.000000	0.122500	
4.400000	0.000000	-4.451000	0.000000	0.122500	
4.410000	0.000000	-4.451000	0.000000	0.122500	
4.420000	0.000000	-4.451000	0.000000	0.122500	
4.430000	0.000000	-4.451000	0.000000	0.122500	
4.440000	0.000000	-4.451000	0.000000	0.122500	
4.450000	0.000000	-4.451000	0.000000	0.122500	
4.460000	0.000000	-4.451000	0.000000	0.122500	
4.470000	0.000000	-4.451000	0.000000	0.122500	
4.480000	0.000000	-4.451000	0.000000	0.122500	
4.490000	0.000000	-4.451000	0.000000	0.122500	
4.500000	0.000000	-4.451000	0.000000	0.122500	
4.510000	0.000000	-4.451000	0.000000	0.122500	
4.520000	0.000000	-4.451000	0.000000	0.122500	
4.530000	0.000000	-4.451000	0.000000	0.122500	
4.540000	0.000000	-4.451000	0.000000	0.122500	
4.550000	0.000000	-4.451000	0.000000	0.122500	
4.560000	0.000000	-4.451000	0.000000	0.122500	
4.570000	0.000000	-4.451000	0.000000	0.122500	
4.580000	0.000000	-4.451000	0.000000	0.122500	
4.590000	0.000000	-4.451000	0.000000	0.122500	
4.600000	0.000000	-4.451000	0.000000	0.122500	
4.610000	0.000000	-4.451000	0.000000	0.122500	
4.620000	0.000000	-4.451000	0.000000	0.122500	
4.630000	0.000000	-4.451000	0.000000	0.122500	
4.640000	0.000000	-4.451000	0.000000	0.122500	
4.650000	0.000000	-4.451000	0.000000	0.122500	
4.660000	0.000000	-4.451000	0.000000	0.122500	
4.670000	0.000000	-4.451000	0.000000	0.122500	
4.680000	0.000000	-4.451000	0.000000	0.122500	
4.690000	0.000000	-4.451000	0.000000	0.122500	
4.700000	0.000000	-4.451000	0.000000	0.122500	
4.710000	0.000000	-4.451000	0.000000	0.122500	
4.720000	0.000000	-4.451000	0.000000	0.122500	
4.730000	0.000000	-4.451000	0.000000	0.122500	
4.740000	0.000000	-4.451000	0.000000	0.122500	
4.750000	0.000000	-4.451000	0.000000	0.122500	
4.760000	0.000000	-4.451000	0.000000	0.122500	
4.770000	0.000000	-4.451000	0.000000	0.122500	
4.780000	0.000000	-4.451000	0.000000	0.122500	
4.790000	0.000000	-4.451000	0.000000	0.122500	
4.800000	0.000000	-4.451000	0.000000	0.122500	
4.810000	0.000000	-4.451000	0.000000	0.122500	
4.820000	0.000000	-4.451000	0.000000	0.122500	
4.830000	0.000000	-4.451000	0.000000	0.122500	
4.840000	0.000000	-4.451000	0.000000	0.122500	
4.850000	0.000000	-4.451000	0.000000	0.122500	
4.860000	0.000000	-4.451000	0.000000	0.122500	
4.870000	0.000000	-4.451000	0.000000	0.122500	
4.880000	0.000000	-4.451000	0.000000	0.122500	
4.890000	0.000000	-4.451000	0.000000	0.122500	
4.900000	0.000000	-4.451000	0.000000	0.122500	
4.910000	0.000000	-4.451000	0.000000	0.122500	
4.920000	0.000000	-4.451000	0.000000	0.122500	
4.930000	0.000000	-4.451000	0.000000	0.122500	
4.940000	0.000000	-4.451000	0.000000	0.122500	
4.950000	0.000000	-4.451000	0.000000	0.122500	
4.960000	0.000000	-4.451000	0.000000	0.122500	
4.970000	0.000000	-4.451000	0.000000	0.122500	
4.980000	0.000000	-4.451000	0.000000	0.122500	
4.990000	0.000000	-4.451000	0.000000	0.122500	
5.000000	0.000000	-4.451000	0.000000	0.122500	
5.010000	0.000000	-4.451000	0.000000	0.122500	
5.020000	0.000000	-4.451000	0.000000	0.122500	
5.030000	0.000000	-4.451000	0.000000	0.122500	
5.040000	0.000000	-4.451000	0.000000	0.122500	
5.050000	0.000000	-4.451000	0.000000	0.122500	
5.060000	0.000000	-4.451000	0.000000	0.122500	
5.070000	0.000000	-4.451000	0.000000	0.122500	
5.080000	0.000000	-4.451000	0.000000	0.122500	
5.090000	0.000000	-4.451000	0.000000	0.122500	
5.100000	0.000000	-4.451000	0.000000	0.122500	
5.110000	0.000000	-4.451000	0.000000	0.122500	
5.120000	0.000000	-4.451000	0.000000	0.122500	
5.130000	0.000000	-4.451000	0.000000	0.122500	
5.140000	0.000000	-4.451000	0.000000	0.122500	
5.150000	0.000000	-4.451000	0.000000	0.122500	
5.160000	0.000000	-4.451000	0.000000	0.122500	
5.170000	0.000000	-4.451000	0.000000	0.122500	
5.180000	0.000000	-4.451000	0.000000	0.122500	
5.190000	0.000000	-4.451000	0.000000	0.122500	
5.200000	0.000000	-4.451000	0.000000	0.122500	
5.210000	0.000000	-4.451000	0.000000	0.122500	
5.220000	0.000000	-4.451000	0.000000	0.122500	
5.230000	0.000000	-4.451000	0.000000	0.122500	
5.240000	0.000000	-4.451000	0.000000	0.122500	
5.250000	0.000000	-4.451000	0.000000	0.122500	
5.260000	0.000000	-4.451000	0.000000	0.122500	
5.270000	0.000000	-4.451000	0.000000	0.122500	
5.280000	0.000000	-4.451000	0.000000	0.122500	
5.290000	0.000000	-4.451000	0.000000	0.122500	
5.300000	0.000000	-4.451000	0.000000	0.122500	
5.310000	0.000000	-4.451000	0.000000	0.122500	
5.320000	0.000000	-4.451000	0.000000	0.122500	
5.330000	0.000000	-4.451000	0.000000	0.122500	
5.340000	0.000000	-4.451000	0.000000	0.122500	
5.350000	0.000000	-4.451000	0.000000	0.122500	
5.360000	0.000000	-4.451000	0.000000	0.122500	
5.370000	0.000000	-4.451000	0.000000	0.122500	
5.380000	0.000000	-4.451000	0.000000	0.122500	
5.390000	0.000000	-4.451000	0.000000	0.122500	
5.400000	0.000000	-4.451000	0.000000	0.122500	
5.410000	0.000000	-4.451000	0.000000	0.122500	
5.420000	0.000000	-4.451000	0.000000	0.122500	
5.430000	0.000000	-4.451000	0.000000	0.122500	
5.440000	0.000000	-4.451000	0.000000	0.122500	
5.450000	0.000000	-4.451000	0.000000	0.122500	
5.460000	0.000000	-4.451000	0.000000	0.122500	
5.470000	0.000000	-4.451000	0.000000	0.122500	
5.480000	0.000000	-4.451000	0.000000	0.122500	
5.490000	0.000000	-4.451000	0.000000	0.122500	
5.500000	0.000000	-4.451000	0.000000	0.122500	
5.510000	0.000000	-4.451000	0.000000	0.122500	
5.520000	0.000000	-4.451000	0.000000	0.122500	
5.530000	0.000000	-4.451000	0.000000	0.122500	
5.540000	0.000000	-4.451000	0.000000	0.122500	
5.550000	0.000000	-4.451000	0.000000	0.122500	
5.560000	0.000000	-4.451000	0.000000	0.122500	
5.570000	0.000000	-4.451000	0.000000	0.122500	
5.580000	0.000000	-4.451000	0.000000	0.122500	
5.590000	0.000000	-4.451000	0.000000	0.122500	
5.600000	0.000000	-4.451000	0.000000	0.122500	
5.610000	0.000000	-4.451000	0.000000	0.122500	
5.620000	0.000000	-4.451000	0.000000	0.122500	
5.630000	0.000000	-4.451000	0.000000	0.122500	
5.640000	0.000000	-4.451000	0.000000	0.122500	
5.650000	0.000000	-4.451000	0.000000	0.122500	
5.660000	0.000000	-4.451000	0.000000	0.122500	
5.670000	0.000000	-4.451000	0.000000	0.122500	
5.680000	0.000000	-4.451000	0.000000	0.122500	
5.690000	0.000000	-4.451000	0.000000	0.122500	
5.700000	0.000000	-4.451000	0.000000	0.122500	
5.710000	0.000000	-4.451000	0.000000	0.122500	
5.720000	0.000000	-4.451000	0.000000	0.122500	
5.730000	0.000000	-4.451000	0.000000	0.122500	
5.740000	0.000000	-4.451000	0.000000	0.122500	
5.750000	0.000000	-4.451000	0.000000	0.122500	
5.760000	0.000000	-4.451000	0.000000	0.122500	
5.770000	0.000000	-4.451000	0.000000	0.122500	
5.780000	0.000000	-4.451000	0.000000	0.122500	
5.790000	0.000000	-4.451000	0.000000	0.122500	
5.800000	0.000000	-4.451000	0.000000	0.122500	
5.810000	0.000000	-4.451000	0.000000	0.122500	
5.820000	0.000000	-4.451000	0.000000	0.122500	
5.830000	0.000000	-4.451000	0.000000	0.122500	
5.840000	0.000000	-4.451000	0.000000	0.122500	
5.850000	0.000000	-4.451000	0.000000	0.122500	
5.860000	0.000000	-4.451000	0.000000	0.122500	
5.870000	0.000000	-4.451000	0.000000	0.122500	
5.880000	0.000000	-4.451000	0.000000	0.122500	
5.890000	0.000000	-4.451000	0.000000	0.122500	
5.900000	0.000000	-4.451000	0.000000	0.122500	
5.910000	0.000000	-4.451000	0.000000	0.122500	
5.920000	0.000000	-4.451000	0.000000	0.122500	
5.930000	0.000000	-4.451000	0.000000	0.122500	
5.940000	0.000000	-4.451000	0.000000	0.122500	
5.950000	0.000000	-4.451000	0.000000	0.122500	
5.960000	0.000000	-4.451000	0.000000	0.122500	
5.970000	0.000000	-4.451000	0.000000	0.122500	
5.980000	0.000000	-4.451000	0.000000	0.122500	
5.990000	0.000000	-4.451000	0.000000	0.122500	
6.000000	0.000000	-4.451000	0.000000	0.122500	
6.010000	0.000000	-4.451000	0.000000	0.122500	
6.020000	0.000000	-4.451000	0.000000	0.122500	
6.030000	0.000000	-4.451000	0.000000	0.122500	
6.040000	0.000000	-4.451000	0.000000	0.122500	
6.050000	0.000000	-4.451000	0.000000	0.122500	
6.060000	0.000000	-4.451000	0.000000	0.122500	
6.070000	0.000000	-4.451000	0.000000	0.122500	
6.080000	0.000000	-4.451000	0.000000	0.122500	
6.090000	0.000000	-4.451000	0.000000	0.122500	
6.100000	0.000000	-4.451000	0.000000	0.122500	
6.110000	0.000000	-4.451000	0.000000	0.122500	
6.120000	0.000000	-4.451000	0.000000	0.122500	
6.130000	0.000000	-4.451000	0.000000	0.122500	
6.140000	0.000000	-4.451000	0.000000	0.122500	
6.150000	0.000000	-4.451000	0.000000	0.122500	
6.160000	0.000000	-4.451000	0.000000	0.122500	
6.170000	0.000000	-4.451000	0.000000	0.122500	
6.180000	0.000000	-4.451000	0.000000	0.122500	
6.190000	0.000000	-4.451000	0.000000	0.122500	
6.200000	0.000000	-4.451000	0.000000	0.122500	
6.210000	0.000000	-4.451000	0.000000	0.122500	
6.220000	0.000000	-4.451000	0.000000	0.122500	
6.230000	0.000000	-4.451000	0.000000	0.122500	
6.240000	0.000000	-4.451000	0.000000	0.122500	
6.250000	0.000000	-4.451000	0.000000	0.122500	
6.260000	0.000000	-4.451000	0.000000	0.122500	
6.270000	0.000000	-4.451000	0.000000	0.122500	
6.280000	0.000000	-4.451000	0.000000	0.122500	
6.290000	0.000000	-4.451000	0.000000	0.122500	
6.300000	0.000000	-4.451000	0.000000	0.122500	
6.310000	0.000000	-4.451000	0.000000	0.122500	
6.320000	0.000000	-4.451000	0.000000	0.122500	
6.330000	0.000000	-4.451000	0.000000	0.122500	
6.340000	0.000000	-4.451000	0.000000	0.122500	
6.350000	0.000000	-4.451000	0.000000	0.122500	
6.360000	0.000000	-4.451000	0.000000	0.122500	
6.370000	0.000000	-4.451000	0.000000	0.122500	
6.380000	0.000000	-4.451000	0.000000	0.122500	
6.390000	0.000000	-4.451000	0.000000	0.122500	
6.400000	0.000000	-4.451000	0.000000	0.122500	
6.410000	0.000000	-4.451000	0.000000	0.122500	
6.420000	0.000000	-4.451000	0.000000	0.122500	
6.430000	0.000000	-4.451000	0.000000	0.122500	
6.440000	0.000000	-4.451000	0.000000	0.122500	
6.450000	0.000000	-4.451000	0.000000	0.122500	
6.460000	0.000000	-4.451000	0.000000	0.122500	
6.470000	0.000000	-4.451000	0.000000	0.122500	
6.480000	0.000000	-4.451000	0.000000	0.122500	
6.490000	0.000000	-4.451000	0.000000	0.122500	
6.500000	0.000000	-4.451000	0.000000	0.122500	
6.510000	0.000000	-4.451000	0.000000	0.122500	
6.520000	0.000000	-4.451000	0.000000	0.122500	
6.530000	0.000000	-4.451000	0.000000	0.122500	
6.540000	0.000000	-4.451000	0.000000	0.122500	
6.550000	0.000000	-4.451000	0.000000	0.122500	
6.560000	0.000000	-4.451000	0.000000	0.122500	
6.570000	0.000000	-4.451000	0.000000	0.122500	
6.580000	0.000000	-4.451000	0.000000	0.122500	
6.590000	0.000000	-4.451000	0.000000	0.122500	
6.600000	0.000000	-4.451000	0.000000	0.122500	
6.610000	0.000000	-4.451000	0.000000	0.122500	
6.620000	0.000000	-4.451000	0.000000	0.122500	
6.630000	0.000000	-4.451000	0.000000	0.122500	
6.640000	0.000000	-4.451000	0.000000	0.122500	
6.650000	0.000000	-4.451000	0.000000	0.122500	
6.660000	0.000000	-4.451000	0.000000	0.122500	
6.670000	0.000000	-4.451000	0.000000	0.122500	
6.680000	0.000000	-4.451000	0.000000	0.122500	
6.690000	0.000000	-4.451000	0.000000	0.122500	
6.700000	0.000000	-4.451000	0.000000	0.122500	
6.710000	0.000000	-4.451000	0.000000	0.122500	
6.720000	0.000000	-4.451000	0.000000	0.122500	
6.730000	0.000000	-4.451000	0.000000	0.122500	
6.740000	0.000000	-4.451000	0.000000	0.122500	
6.750000	0.000000	-4.451000	0.000000	0.122500	
6.760000	0.000000	-4.451000	0.000000	0.122500	
6.770000	0.000000	-4.451000	0.000000	0.122500	
6.780000	0.000000	-4.451000	0.000000	0.122500	
6.790000	0.000000	-4.451000	0.000000	0.122500	
6.800000	0.000000	-4.451000	0.000000	0.122500	
6.810000	0.000000	-4.451000	0.000000	0.122500	
6.820000	0.000000	-4.451000	0.000000	0.122500	
6.830000	0.000000	-4.451000	0.000000	0.122500	
6.840000	0.000000	-4.451000	0.000000	0.122500	
6.850000	0.000000	-4.451000	0.000000	0.122500	
6.860000	0.000000	-4.451000	0.000000	0.122500	
6.870000	0.000000	-4.451000	0.000000	0.122500	
6.880000	0.000000	-4.451000	0.000000	0.122500	
6.890000	0.000000	-4.451000	0.000000	0.122500	
6.900000	0.000000	-4.451000	0.000000	0.122500	
6.910000	0.000000	-4.451000	0.000000	0.122500	
6.920000	0.000000	-4.451000	0.000000	0.122500	
6.930000	0.000000	-4.451000	0.000000	0.122500	
6.940000	0.000000	-4.451000	0.000000	0.122500	
6.950000	0.000000	-4.451000	0.000000	0.122500	
6.960000	0.000000	-4.451000	0.000000	0.122500	
6.970000	0.000000	-4.451000	0.000000	0.122500	
6.980000	0.000000	-4.451000	0.000000	0.122500	
6.990000	0.000000	-4.451000	0.000000	0.122500	
7.000000	0.000000	-4.451000	0.000000	0.122500	
7.010000	0.000000	-4.451000	0.000000	0.122500	
7.020000	0.000000	-4.451000	0.000000	0.122500	
7.030000	0.000000	-4.451000	0.000000	0.122500	
7.040000	0.000000	-4.451000	0.000000	0.122500	
7.050000	0.000000	-4.451000	0.000000	0.122500	
7.060000	0.000000	-4.451000	0.000000	0.122500	
7.070000	0.000000	-4.451000	0.000000	0.122500	
7.080000	0.000000	-4.451000	0.000000	0.122500	
7.090000	0.000000	-4.451000	0.000000	0.122500	
7.100000	0.000000	-4.451000	0.000000	0.122500	
7.110000	0.000000	-4.451000	0.000000	0.122500	
7.120000	0.000000	-4.451000	0.000000	0.122500	
7.130000	0.000000	-4.451000	0.000000	0.122500	
7.140000	0.000000	-4.451000	0.000000	0.122500	
7.150000	0.000000	-4.451000	0.000000	0.122500	
7.160000	0.000000	-4.451000	0.000000	0.122500	
7.170000	0.000000	-4.451000	0.000000	0.122500	
7.180000	0.000000	-4.451000	0.000000	0.122500	
7.190000	0.000000	-4.451000	0.000000	0.122500	
7.200000	0.000000	-4.451000	0.000000	0.122500	
7.210000	0.000000	-4.451000	0.000000	0.122500	
7.220000	0.000000	-4.451000	0.000000	0.122500	
7.230000	0.000000	-4.451000	0.000000	0.122500	
7.240000	0.000000	-4.451000	0.000000	0.122500	
7.250000	0.000000	-4.451000	0.000000	0.122500	
7.260000	0.000000	-4.451000	0.000000	0.122500	
7.270000	0.000000	-4.451000	0.000000	0.122500	
7.280000	0.000000	-4.451000	0.000000	0.122500	
7.290000	0.000000	-4.451000	0.000000	0.122500	
7.300000	0.000000	-4.451000	0.000000	0.122500	
7.310000	0.000000	-4.451000	0.000000	0.122500	
7.320000	0.000000	-4.451000	0.000000	0.122500	
7.330000	0.000000	-4.451000	0.000000	0.122500	
7.340000	0.000000	-4.451000	0.000000	0.122500	
7.350000	0.000000	-4.451000	0.000000	0.122500	
7.360000	0.000000	-4.451000	0.000000	0.122500	
7.370000	0.000000	-4.451000	0.000000	0.122500	
7.380000	0.000000	-4.451000	0.000000	0.122500	
7.390000	0.000000	-4.451000	0.000000	0.122500	
7.400000	0.000000	-4.451000	0.000000	0.122500	
7.410000	0.000000	-4.451000	0.000000	0.122500	
7.420000	0.000000	-4.451000	0.000000	0.122500	
7.430000	0.000000	-4.451000	0.000000	0.122500	
7.440000	0.000000	-4.451000	0.000000	0.122500	
7.450000	0.000000	-4.451000	0.000000	0.122500	
7.460000	0.000000	-4.451000	0.000000	0.122500	
7.470000	0.000000	-4.451000	0.000000	0.122500	
7.480000	0.000000	-4.451000	0.000000	0.122500	
7.490000	0.000000	-4.451000	0.000000	0.122500	
7.500000	0.000000	-4.451000	0.000000	0.122500	
7.510000	0.000000	-4.451000	0.000000	0.122500	
7.520000	0.000000	-4.451000	0.000000	0.122500	
7.530000	0.000000	-4.451000	0.000000	0.122500	
7.540000	0.000000	-4.451000	0.000000	0.122500	
7.550000	0.000000	-4.451000	0.000000	0.122500	
7.560000	0.000000	-4.451000	0.000000	0.122500	
7.570000	0.000000	-4.451000	0.000000	0.122500	
7.580000	0.000000	-4.451000	0.000000	0.122500	
7.590000	0.000000	-4.451000	0.000000	0.122500	
7.600000	0.000000	-4.451000	0.000000	0.122500	
7.610000	0.000000	-4.451000	0.000000	0.122500	
7.620000	0.000000	-4.451000	0.000000	0.122500	
7.630000	0.000000	-4.451000	0.000000	0.122500	
7.640000	0.000000	-4.451000	0.000000	0.122500	
7.650000	0.000000	-4.451000	0.000000	0.122500	
7.660000	0.000000	-4.451000	0.000000	0.122500	
7.670000	0.000000	-4.451000	0.000000	0.122500	
7.680000	0.000000	-4.451000	0.000000	0.122500	
7.690000	0.000000	-4.451000	0.000000	0.122500	
7.700000	0.000000	-4.451000	0.000000	0.122500	
7.710000	0.000000	-4.451000	0.000000	0.122500	
7.720000	0.000000	-4.451000	0.000000	0.122500	
7.730000	0.000000	-4.451000	0.000000	0.122500	
7.740000	0.000000	-4.451000	0.000000	0.122500	
7.750000	0.000000	-4.451000	0.000000	0.122500	
7.760000	0.000000	-4.451000	0.000000	0.122500	
7.770000	0.000000	-4.451000	0.000000	0.122500	
7.780000	0.000000	-4.451000	0.000000	0.122500	
7.790000	0.000000	-4.451000	0.000000	0.122500	
7.800000	0.000000	-4.451000	0.000000	0.122500	
7.810000	0.000000	-4.451000	0.000000	0.122500	
7.820000	0.000000	-4.451000	0.000000	0.122500	
7.830000	0.000000	-4.451000	0.000000	0.122500	
7.840000	0.000000	-4.451000	0.000000	0.122500	
7.850000	0.000000	-4.451000	0.000000	0.122500	
7.860000	0.000000	-4.451000	0.000000	0.122500	
7.870000	0.000000	-4.451000	0.000000	0.122500	
7.880000	0.000000	-4.451000	0.000000	0.122500	
7.890000	0.000000	-4.451000	0.000000	0.122500	
7.900000	0.000000	-4.451000	0.000000	0.122500	
7.910000	0.000000	-4.451000	0.000000	0.122500	
7.920000	0.000000	-4.451000	0.000000	0.122500	
7.930000	0.000000	-4.451000	0.000000	0.122500	
7.940000	0.000000	-4.451000	0.000000	0.122500	
7.950000	0.000000	-4.451000	0.000000	0.122500	
7.960000	0.000000	-4.451000	0.000000	0.122500	
7.970000	0.000000	-4.451000	0.000000	0.122500	
7.980000	0.000000	-4.451000	0.000000	0.122500	
7.990000	0.000000	-4.451000	0.000000	0.122500	
8.000000	0.000000	-4.451000	0.000000	0.122500	
8.010000	0.000000	-4.451000	0.000000	0.122500	
8.020000	0.000000	-4.451000	0.000000	0.122500	
8.030000	0.000000	-4.451000	0.000000	0.122500	
8.040000	0.000000	-4.451000	0.000000	0.122500	
8.050000	0.000000	-4.451000	0.000000	0.122500	
8.060000	0.000000	-4.451000	0.000000	0.122500	
8.070000	0.000000	-4.451000	0.000000	0.122500	
8.080000	0.000000	-4.451000	0.000000	0.122500	
8.090000	0.000000	-4.451000	0.000000	0.122500	
8.100000	0.000000	-4.451000	0.000000	0.122500	
8.110000	0.000000	-4.451000	0.000000	0.122500	
8.120000	0.000000	-4.451000	0.000000	0.122500	
8.130000	0.000000	-4.451000	0.000000	0.122500	
8.140000	0.000000	-4.451000	0.000000	0.122500	
8.150000	0.000000	-4.451000	0.000000	0.122500	
8.160000	0.000000	-4.451000	0.000000	0.122500	
8.170000	0.000000	-4.451000	0.000000	0.122500	
8.180000	0.000000	-4.451000	0.000000	0.122500	
8.190000	0.000000	-4.451000	0.000000	0.122500	
8.200000	0.000000	-4.451000	0.000000	0.122500	
8.210000	0.000000	-4.451000	0.000000	0.122500	
8.220000	0.000000	-4.451000	0.000000	0.122500	
8.230000	0.000000	-4.451000	0.000000	0.122500	
8.240000	0.000000	-4.451000	0.000000	0.122500	
8.250000	0.000000	-4.451000	0.000000	0.122500	
8.260000	0.000000	-4.451000	0.000000	0.122500	
8.270000	0.000000	-4.451000	0.000000	0.122500	
8.280000	0.000000	-4.451000	0.000000	0.122500	
8.290000	0.000000	-4.451000	0.000000	0.122500	
8.300000	0.000000	-4.451000	0.000000	0.122500	
8.310000	0.000000	-4.451000	0.000000	0.122500	
8.320000	0.000000	-4.451000	0.000000	0.122500	
8.330000	0.000000	-4.451000	0.000000	0.122500	
8.340000	0.000000	-4.451000	0.000000	0.122500	
8.350000	0.000000	-4.451000	0.000000	0.122500	
8.360000	0.000000	-4.451000	0.000000	0.122500	
8.370000	0.000000	-4.451000	0.000000	0.122500	
8.380000	0.000000	-4.451000	0.000000	0.122500	
8.390000	0.000000	-4.451000	0.000000	0.122500	
8.400000	0.000000	-4.451000	0.000000	0.122500	
8.410000	0.000000	-4.451000	0.000000	0.122500	
8.420000	0.000000	-4.451000	0.000000	0.122500	
8.430000	0.000000	-4.451000	0.000000	0.122500	
8.440000	0.000000	-4.451000	0.000000	0.122500	
8.450000	0.000000	-4.451000	0.000000	0.122500	
8.460000	0.000000	-4.451000	0.000000	0.122500	
8.470000	0.000000	-4.451000	0.000000	0.122500	
8.480000	0.000000	-4.451000	0.000000	0.122500	
8.490000	0.000000	-4.451000	0.000000	0.122500	
8.500000	0.000000	-4.451000	0.000000	0.122500	
8.510000	0.000000	-4.451000	0.000000	0.122500	
8.520000	0.000000	-4.451000	0.000000	0.122500	
8.530000	0.000000	-4.451000	0.000000	0.122500	
8.540000	0.000000	-4.451000	0.000000	0.122500	
8.550000	0.000000	-4.451000	0.000000	0.122500	
8.560000	0.000000	-4.451000	0.000000	0.122500	
8.570000	0.000000	-4.451000	0.000000	0.122500	
8.580000	0.000000	-4.451000	0.000000	0.122500	
8.590000	0.000000	-4.451000	0.000000	0.122500	
8.600000	0.000000	-4.451000	0.000000	0.122500	
8.610000	0.000000	-4.451000	0.000000	0.122500	
8.620000	0.000000	-4.451000	0.000000	0.122500	
8.630000	0.000000	-4.451000	0.000000	0.122500	
8.640000	0.000000	-4.451000	0.000000	0.122500	
8.650000	0.000000	-4.451000	0.000000	0.122500	
8.660000	0.000000	-4.451000	0.000000	0.122500	
8.670000	0.000000	-4.451000	0.000000	0.122500	
8.680000	0.000000	-4.451000	0.000000	0.122500	
8.690000	0.000000	-4.451000	0.000000	0.122500	
8.700000	0.000000	-4.451000	0.000000	0.122500	
8.710000	0.000000	-4.451000	0.000000	0.122500	
8.720000	0.000000	-4.451000	0.000000	0.122500	
8.730000	0.000000	-4.451000	0.000000	0.122500	
8.740000	0.000000	-4.451000	0.000000	0.122500	
8.750000	0.000000	-4.451000	0.000000	0.122500	
8.760000	0.000000	-4.451000	0.000000	0.122500	
8.770000	0.000000	-4.451000	0.000000	0.122500	
8.780000	0.000000	-4.451000	0.000000	0.122500	
8.790000	0.000000	-4.451000	0.000000	0.122500	
8.800000	0.000000	-4.451000	0.000000	0.122500	
8.810000	0.000000	-4.451000	0.000000	0.122500	
8.820000	0.000000	-4.451000	0.000000	0.122500	
8.830000	0.000000	-4.451000	0.000000	0.122500	
8.840000	0.000000	-4.451000	0.000000	0.122500	
8.850000	0.000000	-4.451000	0.000000	0.122500	
8.860000	0.000000	-4.451000	0.000000	0.122500	
8.870000	0.000000	-4.451000	0.000000	0.122500	
8.880000	0.000000	-4.451000	0.000000	0.122500	
8.890000	0.000000	-4.451000	0.000000	0.122500	
8.900000	0.000000	-4.451000	0.000000	0.122500	
8.910000	0.000000	-4.451000	0.000000	0.122500	
8.920000	0.000000	-4.451000	0.000000	0.122500	
8.930000	0.000000	-4.451000	0.000000	0.122500	
8.940000	0.000000	-4.451000	0.000000	0.122500	
8.950000	0.000000	-4.451000	0.000000	0.122500	
8.960000	0.000000	-4.451000	0.000000	0.122500	
8.970000	0.000000	-4.451000	0.000000	0.122500	
8.980000	0.000000	-4.451000	0.000000	0.122500	
8.990000	0.000000	-4.451000	0.000000	0.122500	
9.000000	0.000000	-4.451000	0.000000	0.122500	
9.010000	0.000000	-4.451000	0.000000	0.122500	
9.020000	0.000000	-4.451000	0.000000	0.122500	
9.030000	0.000000	-4.451000	0.000000	0.122500	
9.040000	0.000000	-4.451000	0.000000	0.122500	
9.050000	0.000000	-4.451000	0.000000	0.122500	
9.060000	0.000000	-4.451000	0.000000	0.122500	
9.070000	0.000000	-4.451000	0.000000	0.122500	
9.080000	0.000000	-4.451000	0.000000	0.122500	
9.090000	0.000000	-4.451000	0.000000	0.122500	
9.100000	0.000000	-4.451000	0.000000	0.122500	
9.110000	0.000000	-4.451000	0.000000	0.122500	
9.120000	0.000000	-4.451000	0.000000	0.122500	
9.130000	0.000000	-4.451000	0.000000	0.122500	
9.140000	0.000000	-4.451000	0.000000	0.122500	
9.150000	0.000000	-4.451000	0.000000	0.122500	
9.160000	0.000000	-4.451000	0.000000	0.122500	
9.170000	0.000000	-4.451000	0.000000	0.122500	
9.180000	0.000000	-4.451000	0.000000	0.122500	
9.190000	0.000000	-4.451000	0.000000	0.122500	
9.200000	0.000000	-4.451000	0.000000	0.122500	
9.210000	0.000000	-4.451000	0.000000	0.122500	
9.220000	0.000000	-4.451000	0.000000	0.122500	
9.230000	0.000000	-4.451000	0.000000	0.122500	
9.240000	0.000000	-4.451000	0.000000	0.122500	
9.250000	0.000000	-4.451000	0.000000	0.122500	
9.260000	0.000000	-4.451000	0.000000	0.122500	
9.270000	0.000000	-4.451000	0.000000	0.122500	
9.280000	0.000000	-4.451000	0.000000	0.122500	
9.290000	0.000000	-4.451000	0.000000	0.122500	
9.300000	0.000000	-4.451000	0.000000	0.122500	
9.310000	0.000000	-4.451000	0.000000	0.122500	
9.320000	0.000000	-4.451000	0.000000	0.122500	
9.330000	0.000000	-4.451000	0.000000	0.122500	
9.340000	0.000000	-4.451000	0.000000	0.122500	
9.350000	0.000000	-4.451000	0.000000	0.122500	
9.360000	0.000000	-4.451000	0.000000	0.122500	
9.370000	0.000000	-4.451000	0.000000	0.122500	
9.380000	0.000000	-4.451000	0.000000	0.122500	
9.390000	0.000000	-4.451000	0.000000	0.122500	
9.400000	0.000000	-4.451000	0.000000	0.122500	
9.410000	0.000000	-4.451000	0.000000	0.122500	
9.420000	0.000000	-4.451000	0.000000	0.122500	
9.430000	0.000000	-4.451000	0.000000	0.122500	
9.440000	0.000000	-4.451000	0.000000	0.122500	
9.450000	0.000000	-4.451000	0.000000	0.122500	
9.460000	0.000000	-4.451000	0.000000	0.122500	
9.470000	0.000000	-4.451000	0.000000	0.122500	
9.480000	0.000000	-4.451000	0.000000	0.122500	
9.490000	0.000000	-4.451000	0.000000	0.122500	
9.500000	0.000000	-4.451000	0.000000	0.122500	
9.510000	0.000000	-4.451000	0.000000	0.122500	
9.520000	0.000000	-4.451000	0.000000	0.122500	
9.530000	0.000000	-4.451000	0.000000	0.122500	
9.540000	0.000000	-4.451000	0.000000	0.122500	
9.550000	0.000000	-4.451000	0.000000	0.122500	
9.560000	0.000000	-4.451000	0.000000	0.122500	
9.570000	0.000000	-4.451000	0.000000	0.122500	
9.580000	0.000000	-4.451000	0.000000	0.122500	
9.590000	0.000000	-4.451000	0.000000	0.122500	
9.600000	0.000000	-4.451000	0.000000	0.122500	
9.610000	0.000000	-4.451000	0.000000	0.122500	
9.620000	0.000000	-4.451000	0.000000	0.122500	
9.630000	0.000000	-4.451000	0.000000	0.122500	
9.640000	0.000000	-4.451000	0.000000	0.122500	
9.650000	0.000000	-4.451000	0.000000	0.122500	
9.660000	0.000000	-4.451000	0.000000	0.122500	
9.670000	0.000000	-4.451000	0.000000	0.122500	
9.680000	0.000000	-4.451000	0.000000	0.122500	
9.690000	0.000000	-4.451000	0.000000	0.122500	
9.700000	0.000000	-4.451000	0.000000	0.122500	
9.710000	0.000000	-4.451000	0.000000	0.122500	
9.720000	0.000000	-4.451000	0.000000	0.122500	
9.730000	0.000000	-4.451000	0.000000	0.122500	
9.740000	0.000000	-4.451000	0.000000	0.122500	
9.750000	0.000000	-4.451000	0.000000	0.122500	
9.760000	0.000000	-4.451000	0.000000	0.122500	
9.770000	0.000000	-4.451000	0.000000	0.122500	
9.780000	0.000000	-4.451000	0.000000	0.122500	
9.790000	0.000000	-4.451000	0.000000	0.122500	
9.800000	0.000000	-4.451000	0.000000	0.122500	
9.810000	0.000000	-4.451000	0.000000	0.122500	
9.820000	0.000000	-4.451000	0.000000	0.122500	
9.830000	0.000000	-4.451000	0.000000	0.122500	
9.840000	0.000000	-4.451000	0.000000	0.122500	
9.850000	0.000000	-4.451000	0.000000	0.122500	
9.860000	0.000000	-4.451000	0.000000	0.122500	
9.870000	0.000000	-4.451000	0.000000	0.122500	
9.880000	0.000000	-4.451000	0.000000	0.122500	
9.890000	0.000000	-4.451000	0.000000	0.122500	
9.900000	0.000000	-4.451000	0.000000	0.122500	
9.910000	0.000000	-4.451000	0.000000	0.122500	
9.920000	0.000000	-4.451000	0.000000	0.122500	
9.930000	0.000000	-4.451000	0.000000	0.122500	
9.940000	0.000000	-4.451000	0.000000	0.122500	
9.950000	0.000000	-4.451000	0.000000	0.122500	
9.960000	0.000000	-4.451000	0.000000	0.122500	
9.970000	0.000000	-4.451000	0.000000	0.122500	
9.980000	0.000000	-4.451000	0.000000	0.122500	
9.990000	0.000000	-4.451000	0.000000	0.122500	
10.000000	0.000000	-4.451000	0.000000	0.122500	
